1377
1414
1417
1515
1662
1663
1721
1835
1879
1884
1926
1934
1938
1939
1941
1942
1944
1945
1949
1950
1952
1959
1968
1976
1982
2002
2053
2108
2121
2201
2206
2211
2220
2229
2267
2269
2327
2331
2432
2502
2503
2659
2670
2801
2802
2809
2810
2815
2875
2897
2908
2914
3002
3076
3087
3088
3148
3191
3201
3302
3382
3407
3436
3569
3591
3593
3608
3626
3659
3765
3950
4008
4021
4023
4027
4041
4042
4045
4046
4063
4078
4095
4097
4099
4114
4151
4182
4186
4203
4205
4206
4212
4216
4221
4272
4368
4403
4452
4471
4502
4503
4507
4516
4519
4521
4523
4526
4527
4528
4530
4534
4540
4543
4547
4548
4551
4568
4569
4578
4636
4661
4665
4676
4684
4686
4694
4733
4812
4839
4886
4901
4911
4917
4922
4958
4967
5011
5108
5186
5192
5195
5214
5302
5310
5331
5332
5333
5334
5344
5384
5393
5408
5423
5444
5451
5463
5541
5713
5802
5911
5946
5947
5959
5976
5988
5992
6005
6098
6103
6113
6118
6134
6136
6140
6146
6151
6222
6235
6247
6273
6277
6278
6282
6301
6326
6339
6340
6345
6349
6351
6367
6370
6371
6379
6383
6407
6413
6417
6419
6420
6432
6436
6448
6454
6455
6458
6459
6460
6462
6465
6481
6490
6501
6503
6516
6517
6586
6592
6594
6640
6645
6651
6676
6702
6718
6723
6737
6741
6744
6752
6804
6806
6807
6820
6841
6845
6849
6857
6861
6869
6875
6902
6908
6923
6925
6929
6954
6963
6965
6967
6971
6976
6981
6986
6988
6995
6999
7011
7128
7203
7222
7226
7266
7267
7269
7270
7272
7276
7278
7296
7309
7313
7456
7476
7483
7581
7649
7701
7718
7729
7733
7734
7739
7740
7741
7744
7751
7817
7832
7846
7864
7917
7942
7943
7951
7955
7958
7965
7966
7970
7974
7976
7981
7984
7988
7994
8022
8031
8035
8053
8058
8060
8096
8111
8113
8114
8125
8130
8155
8167
8218
8227
8255
8282
8595
8871
8935
9039
9058
9068
9072
9076
9101
9107
9301
9364
9401
9404
9409
9413
9502
9543
9602
9663
9672
9682
9684
9728
9729
9746
9755
9766
9787
9793
9830
9832
9843
9882
9902
9934
9936
9948
9962
9983
9989
